# DO NOT EDIT. RUN THE PYTHON FILE INSTEAD TO GENERATE THIS .yaml FILE 
traj_x: 0.333333333333333*sin(0.117647058823529*t) + 0.666666666666667*sin(0.235294117647059*t)
traj_y: 0.333333333333333*cos(0.117647058823529*t) - 0.666666666666667*cos(0.235294117647059*t)
traj_z: 1.5 - 0.5*sin(0.352941176470588*t)
bbox: [1.5, 1.5, 1.0]
