# DO NOT EDIT. RUN THE PYTHON FILE INSTEAD TO GENERATE THIS .yaml FILE 
traj_x: 0.333333333333333*sin(0.181818181818182*t) + 0.666666666666667*sin(0.363636363636364*t)
traj_y: 0.333333333333333*cos(0.181818181818182*t) - 0.666666666666667*cos(0.363636363636364*t)
traj_z: 1.4 - 0.4*sin(0.545454545454545*t)
bbox: [0.8, 0.8, 0.5]
