# DO NOT EDIT. RUN THE PYTHON FILE INSTEAD TO GENERATE THIS .yaml FILE 
traj_x: 0.666666666666667*sin(0.666666666666667*t + 1.0) + 1.33333333333333*sin(1.33333333333333*t + 2.0)
traj_y: 0.666666666666667*cos(0.666666666666667*t + 1.0) - 1.33333333333333*cos(1.33333333333333*t + 2.0)
traj_z: 2.0 - 1.0*sin(2.0*t + 3.0)
bbox: [0.7, 0.7, 0.7]
