# DO NOT EDIT. RUN THE PYTHON FILE INSTEAD TO GENERATE THIS .yaml FILE 
traj_x: 0.666666666666667*sin(0.181818181818182*t) + 1.33333333333333*sin(0.363636363636364*t) + 11.0
traj_y: 0.666666666666667*cos(0.181818181818182*t) - 1.33333333333333*cos(0.363636363636364*t)
traj_z: 1.75 - 0.75*sin(0.545454545454545*t)
bbox: [0.7, 0.7, 0.5]
