# DO NOT EDIT. RUN THE PYTHON FILE INSTEAD TO GENERATE THIS .yaml FILE 
traj_x: 0.666666666666667*sin(0.285714285714286*t) + 1.33333333333333*sin(0.571428571428571*t)
traj_y: 0.666666666666667*cos(0.285714285714286*t) - 1.33333333333333*cos(0.571428571428571*t)
traj_z: 1.75 - 0.75*sin(0.857142857142857*t)
bbox: [1.0, 1.0, 1.0]
